{"_id": "5dd46256cd0446b0dbb59d41", "anonymous_formula": {"A": 1.0, "B": 2.0}, "band_gap": 2.8134999999999994, "blessed_tasks": {"GGA NSCF Uniform": "mp-655414", "GGA Structure Optimization": "mp-557"}, "bv_structure": null, "chemsys": "O-Te", "cif": "# generated using pymatgen\ndata_TeO2\n_symmetry_space_group_name_H-M   'P 1'\n_cell_length_a   4.96740284\n_cell_length_b   4.96740284\n_cell_length_c   7.62283859\n_cell_angle_alpha   90.00000000\n_cell_angle_beta   90.00000000\n_cell_angle_gamma   90.00000000\n_symmetry_Int_Tables_number   1\n_chemical_formula_structural   TeO2\n_chemical_formula_sum   'Te4 O8'\n_cell_volume   188.09423569\n_cell_formula_units_Z   4\nloop_\n _symmetry_equiv_pos_site_id\n _symmetry_equiv_pos_as_xyz\n  1  'x, y, z'\nloop_\n _atom_site_type_symbol\n _atom_site_label\n _atom_site_symmetry_multiplicity\n _atom_site_fract_x\n _atom_site_fract_y\n _atom_site_fract_z\n _atom_site_occupancy\n  O  O0  1  0.745450  0.854624  0.309403  1\n  O  O1  1  0.254550  0.145376  0.809403  1\n  O  O2  1  0.854624  0.745450  0.690597  1\n  O  O3  1  0.354624  0.754550  0.059403  1\n  O  O4  1  0.145376  0.254550  0.190597  1\n  O  O5  1  0.245450  0.645376  0.440597  1\n  O  O6  1  0.754550  0.354624  0.940597  1\n  O  O7  1  0.645376  0.245450  0.559403  1\n  Te  Te8  1  0.968685  0.968685  0.500000  1\n  Te  Te9  1  0.531315  0.468685  0.750000  1\n  Te  Te10  1  0.468685  0.531315  0.250000  1\n  Te  Te11  1  0.031315  0.031315  0.000000  1\n", "cifs": {"primitive": "# generated using pymatgen\ndata_TeO2\n_symmetry_space_group_name_H-M   'P 1'\n_cell_length_a   4.96740284\n_cell_length_b   4.96740284\n_cell_length_c   7.62283859\n_cell_angle_alpha   90.00000000\n_cell_angle_beta   90.00000000\n_cell_angle_gamma   90.00000000\n_symmetry_Int_Tables_number   1\n_chemical_formula_structural   TeO2\n_chemical_formula_sum   'Te4 O8'\n_cell_volume   188.09423569\n_cell_formula_units_Z   4\nloop_\n _symmetry_equiv_pos_site_id\n _symmetry_equiv_pos_as_xyz\n  1  'x, y, z'\nloop_\n _atom_site_type_symbol\n _atom_site_label\n _atom_site_symmetry_multiplicity\n _atom_site_fract_x\n _atom_site_fract_y\n _atom_site_fract_z\n _atom_site_occupancy\n  Te  Te0  1  0.968685  0.968685  0.500000  1\n  Te  Te1  1  0.531315  0.468685  0.750000  1\n  Te  Te2  1  0.468685  0.531315  0.250000  1\n  Te  Te3  1  0.031315  0.031315  0.000000  1\n  O  O4  1  0.745450  0.854624  0.309403  1\n  O  O5  1  0.254550  0.145376  0.809403  1\n  O  O6  1  0.854624  0.745450  0.690597  1\n  O  O7  1  0.354624  0.754550  0.059403  1\n  O  O8  1  0.145376  0.254550  0.190597  1\n  O  O9  1  0.245450  0.645376  0.440597  1\n  O  O10  1  0.754550  0.354624  0.940597  1\n  O  O11  1  0.645376  0.245450  0.559403  1\n", "refined": "# generated using pymatgen\ndata_TeO2\n_symmetry_space_group_name_H-M   'P 1'\n_cell_length_a   4.96740284\n_cell_length_b   4.96740284\n_cell_length_c   7.62283859\n_cell_angle_alpha   90.00000000\n_cell_angle_beta   90.00000000\n_cell_angle_gamma   90.00000000\n_symmetry_Int_Tables_number   1\n_chemical_formula_structural   TeO2\n_chemical_formula_sum   'Te4 O8'\n_cell_volume   188.09423569\n_cell_formula_units_Z   4\nloop_\n _symmetry_equiv_pos_site_id\n _symmetry_equiv_pos_as_xyz\n  1  'x, y, z'\nloop_\n _atom_site_type_symbol\n _atom_site_label\n _atom_site_symmetry_multiplicity\n _atom_site_fract_x\n _atom_site_fract_y\n _atom_site_fract_z\n _atom_site_occupancy\n  Te  Te0  1  0.968685  0.968685  0.500000  1\n  Te  Te1  1  0.531315  0.468685  0.750000  1\n  Te  Te2  1  0.468685  0.531315  0.250000  1\n  Te  Te3  1  0.031315  0.031315  0.000000  1\n  O  O4  1  0.745450  0.854624  0.309403  1\n  O  O5  1  0.254550  0.145376  0.809403  1\n  O  O6  1  0.854624  0.745450  0.690597  1\n  O  O7  1  0.354624  0.754550  0.059403  1\n  O  O8  1  0.145376  0.254550  0.190597  1\n  O  O9  1  0.245450  0.645376  0.440597  1\n  O  O10  1  0.754550  0.354624  0.940597  1\n  O  O11  1  0.645376  0.245450  0.559403  1\n", "conventional_standard": "# generated using pymatgen\ndata_TeO2\n_symmetry_space_group_name_H-M   'P 1'\n_cell_length_a   4.96740284\n_cell_length_b   4.96740284\n_cell_length_c   7.62283859\n_cell_angle_alpha   90.00000000\n_cell_angle_beta   90.00000000\n_cell_angle_gamma   90.00000000\n_symmetry_Int_Tables_number   1\n_chemical_formula_structural   TeO2\n_chemical_formula_sum   'Te4 O8'\n_cell_volume   188.09423569\n_cell_formula_units_Z   4\nloop_\n _symmetry_equiv_pos_site_id\n _symmetry_equiv_pos_as_xyz\n  1  'x, y, z'\nloop_\n _atom_site_type_symbol\n _atom_site_label\n _atom_site_symmetry_multiplicity\n _atom_site_fract_x\n _atom_site_fract_y\n _atom_site_fract_z\n _atom_site_occupancy\n  Te  Te0  1  0.968685  0.968685  0.500000  1\n  Te  Te1  1  0.531315  0.468685  0.750000  1\n  Te  Te2  1  0.468685  0.531315  0.250000  1\n  Te  Te3  1  0.031315  0.031315  0.000000  1\n  O  O4  1  0.745450  0.854624  0.309403  1\n  O  O5  1  0.254550  0.145376  0.809403  1\n  O  O6  1  0.854624  0.745450  0.690597  1\n  O  O7  1  0.354624  0.754550  0.059403  1\n  O  O8  1  0.145376  0.254550  0.190597  1\n  O  O9  1  0.245450  0.645376  0.440597  1\n  O  O10  1  0.754550  0.354624  0.940597  1\n  O  O11  1  0.645376  0.245450  0.559403  1\n", "computed": "# generated using pymatgen\ndata_TeO2\n_symmetry_space_group_name_H-M   'P 1'\n_cell_length_a   4.96740284\n_cell_length_b   4.96740284\n_cell_length_c   7.62283859\n_cell_angle_alpha   90.00000000\n_cell_angle_beta   90.00000000\n_cell_angle_gamma   90.00000000\n_symmetry_Int_Tables_number   1\n_chemical_formula_structural   TeO2\n_chemical_formula_sum   'Te4 O8'\n_cell_volume   188.09423569\n_cell_formula_units_Z   4\nloop_\n _symmetry_equiv_pos_site_id\n _symmetry_equiv_pos_as_xyz\n  1  'x, y, z'\nloop_\n _atom_site_type_symbol\n _atom_site_label\n _atom_site_symmetry_multiplicity\n _atom_site_fract_x\n _atom_site_fract_y\n _atom_site_fract_z\n _atom_site_occupancy\n  O  O0  1  0.745450  0.854624  0.309403  1\n  O  O1  1  0.254550  0.145376  0.809403  1\n  O  O2  1  0.854624  0.745450  0.690597  1\n  O  O3  1  0.354624  0.754550  0.059403  1\n  O  O4  1  0.145376  0.254550  0.190597  1\n  O  O5  1  0.245450  0.645376  0.440597  1\n  O  O6  1  0.754550  0.354624  0.940597  1\n  O  O7  1  0.645376  0.245450  0.559403  1\n  Te  Te8  1  0.968685  0.968685  0.500000  1\n  Te  Te9  1  0.531315  0.468685  0.750000  1\n  Te  Te10  1  0.468685  0.531315  0.250000  1\n  Te  Te11  1  0.031315  0.031315  0.000000  1\n"}, "cohesive_energy": null, "cpu_time": null, "created_at": "2011-05-13 16:18:37", "decomposes_to": [{"task_id": "mp-2125", "formula": "Te8 O16", "amount": 0.9999999999999999}], "delta_volume": null, "density": 5.635899200381899, "deprecated": false, "e_above_hull": 0.011040257083332783, "efermi": 4.20370243, "elements": ["Te", "O"], "encut": 520, "final_energy": -64.41499662, "final_energy_per_atom": -5.367916385, "formation_energy_per_atom": -1.5028345474999998, "full_formula": "Te4O8", "has": ["elasticity", "diel", "xas", "piezo", "bandstructure"], "has_bandstructure": true, "hubbards": {}, "icsd_id": null, "icsd_ids": [191339, 34422, 656415, 25706, 647516, 647513, 161691, 202792, 27515, 647514], "initial_structure": {"@module": "pymatgen.core.structure", "@class": "Structure", "charge": null, "lattice": {"matrix": [[4.81, 0.0, 0.0], [0.0, 4.81, 0.0], [0.0, 0.0, 7.621]], "a": 4.81, "b": 4.81, "c": 7.621, "alpha": 90.0, "beta": 90.0, "gamma": 90.0, "volume": 176.32021809999998}, "sites": [{"species": [{"element": "O", "occu": 1}], "abc": [0.729124, 0.846124, 0.304124], "xyz": [3.5070864399999997, 4.06985644, 2.3177290040000003], "label": "O", "properties": {}}, {"species": [{"element": "O", "occu": 1}], "abc": [0.270876, 0.153876, 0.804124], "xyz": [1.30291356, 0.74014356, 6.128229004], "label": "O", "properties": {}}, {"species": [{"element": "O", "occu": 1}], "abc": [0.846124, 0.729124, 0.695876], "xyz": [4.06985644, 3.5070864399999997, 5.303270996000001], "label": "O", "properties": {}}, {"species": [{"element": "O", "occu": 1}], "abc": [0.346124, 0.770876, 0.054124], "xyz": [1.6648564399999999, 3.7079135599999997, 0.41247900400000004], "label": "O", "properties": {}}, {"species": [{"element": "O", "occu": 1}], "abc": [0.153876, 0.270876, 0.195876], "xyz": [0.74014356, 1.30291356, 1.492770996], "label": "O", "properties": {}}, {"species": [{"element": "O", "occu": 1}], "abc": [0.229124, 0.653876, 0.445876], "xyz": [1.10208644, 3.1451435599999997, 3.398020996], "label": "O", "properties": {}}, {"species": [{"element": "O", "occu": 1}], "abc": [0.770876, 0.346124, 0.945876], "xyz": [3.7079135599999997, 1.6648564399999999, 7.208520996000001], "label": "O", "properties": {}}, {"species": [{"element": "O", "occu": 1}], "abc": [0.653876, 0.229124, 0.554124], "xyz": [3.1451435599999997, 1.10208644, 4.222979004], "label": "O", "properties": {}}, {"species": [{"element": "Te", "occu": 1}], "abc": [0.963224, 0.963224, 0.5], "xyz": [4.63310744, 4.63310744, 3.8105], "label": "Te", "properties": {}}, {"species": [{"element": "Te", "occu": 1}], "abc": [0.536776, 0.463224, 0.75], "xyz": [2.58189256, 2.22810744, 5.71575], "label": "Te", "properties": {}}, {"species": [{"element": "Te", "occu": 1}], "abc": [0.463224, 0.536776, 0.25], "xyz": [2.22810744, 2.58189256, 1.90525], "label": "Te", "properties": {}}, {"species": [{"element": "Te", "occu": 1}], "abc": [0.036776, 0.036776, 0.0], "xyz": [0.17689256, 0.17689256, 0.0], "label": "Te", "properties": {}}]}, "input": {"incar": {"ISIF": 3, "IBRION": 2, "NSW": 200, "NELM": 100, "ISPIN": 2, "ALGO": "Fast", "SYSTEM": "Rubyvaspy :: o te", "ENCUT": 520, "LREAL": "Auto", "EDIFF": 2e-06, "PREC": "Accurate", "NELMIN": 3, "ISMEAR": -5, "SIGMA": 0.05, "LWAVE": true, "ICHARG": 1, "NPAR": 1, "MAGMOM": [0.6, 0.6, 0.6, 0.6, 0.6, 0.6, 0.6, 0.6, 0.6, 0.6, 0.6, 0.6], "@module": "pymatgen.io.vasp.inputs", "@class": "Incar"}, "kpoints": {"comment": "Automatic kpoint scheme", "nkpoints": 0, "generation_style": "Monkhorst", "kpoints": [[6, 6, 4]], "usershift": [0, 0, 0], "kpts_weights": null, "coord_type": null, "labels": null, "tet_number": 0, "tet_weight": 0, "tet_connections": null, "@module": "pymatgen.io.vasp.inputs", "@class": "Kpoints"}, "potcar_spec": [{"titel": "PAW_PBE Te 08Apr2002", "hash": "72719856e22fb1d3032df6f96d98a0f2"}, {"titel": "PAW_PBE O 08Apr2002", "hash": "7a25bc5b9a5393f46600a4939d357982"}]}, "ionic_steps": null, "is_compatible": true, "is_hubbard": false, "is_ordered": true, "magnetic_type": "NM", "nelements": 2, "nkpts": null, "nsites": 12, "ntask_ids": 11, "original_task_id": "mp-557", "oxide_type": "oxide", "pretty_formula": "TeO2", "pseudo_potential": {"functional": "PBE", "labels": ["Te", "O"], "pot_type": "paw"}, "reduced_cell_formula": {"O": 2.0, "Te": 1.0}, "run_stats": null, "run_type": "GGA", "snl": {"@module": "pymatgen.util.provenance", "@class": "StructureNL", "charge": null, "lattice": {"matrix": [[4.96740284, 0.0, 0.0], [0.0, 4.96740284, 0.0], [0.0, 0.0, 7.62283859]], "a": 4.96740284, "b": 4.96740284, "c": 7.62283859, "alpha": 90.0, "beta": 90.0, "gamma": 90.0, "volume": 188.09423569477158}, "sites": [{"species": [{"element": "O", "occu": 1}], "abc": [0.74545004, 0.85462363, 0.30940274], "xyz": [3.7029506457741137, 4.245259846793109, 2.3585271463237367], "label": "O", "properties": {"magmom": 0.0}}, {"species": [{"element": "O", "occu": 1}], "abc": [0.25454996, 0.14537637, 0.80940274], "xyz": [1.2644521942258866, 0.7221429932068908, 6.169946441323736], "label": "O", "properties": {"magmom": 0.0}}, {"species": [{"element": "O", "occu": 1}], "abc": [0.85462363, 0.74545004, 0.69059726], "xyz": [4.245259846793109, 3.7029506457741137, 5.264311443676263], "label": "O", "properties": {"magmom": 0.0}}, {"species": [{"element": "O", "occu": 1}], "abc": [0.35462363, 0.75454996, 0.05940274], "xyz": [1.7615584267931093, 3.7481536142258864, 0.4528174988237366], "label": "O", "properties": {"magmom": 0.0}}, {"species": [{"element": "O", "occu": 1}], "abc": [0.14537637, 0.25454996, 0.19059726], "xyz": [0.7221429932068908, 1.2644521942258866, 1.4528921486762634], "label": "O", "properties": {"magmom": 0.0}}, {"species": [{"element": "O", "occu": 1}], "abc": [0.24545004, 0.64537637, 0.44059726], "xyz": [1.2192492257741137, 3.205844413206891, 3.3586017961762633], "label": "O", "properties": {"magmom": 0.0}}, {"species": [{"element": "O", "occu": 1}], "abc": [0.75454996, 0.35462363, 0.94059726], "xyz": [3.7481536142258864, 1.7615584267931093, 7.170021091176263], "label": "O", "properties": {"magmom": 0.0}}, {"species": [{"element": "O", "occu": 1}], "abc": [0.64537637, 0.24545004, 0.55940274], "xyz": [3.205844413206891, 1.2192492257741137, 4.264236793823737], "label": "O", "properties": {"magmom": 0.0}}, {"species": [{"element": "Te", "occu": 1}], "abc": [0.96868469, 0.96868469, 0.5], "xyz": [4.81184708017052, 4.81184708017052, 3.811419295], "label": "Te", "properties": {"magmom": 0.0}}, {"species": [{"element": "Te", "occu": 1}], "abc": [0.53131531, 0.46868469, 0.75], "xyz": [2.6392571798294804, 2.3281456601705197, 5.7171289425], "label": "Te", "properties": {"magmom": 0.0}}, {"species": [{"element": "Te", "occu": 1}], "abc": [0.46868469, 0.53131531, 0.25], "xyz": [2.3281456601705197, 2.6392571798294804, 1.9057096475], "label": "Te", "properties": {"magmom": 0.0}}, {"species": [{"element": "Te", "occu": 1}], "abc": [0.03131531, 0.03131531, 0.0], "xyz": [0.1555557598294804, 0.1555557598294804, 0.0], "label": "Te", "properties": {"magmom": 0.0}}], "about": {"authors": [{"name": "Materials Project", "email": "feedback@materialsproject.org"}], "projects": ["ICSD"], "references": "@article{Plat2014,\n    author = \"Plat, A. and Cornette, J. and Colas, M. and Mirgorodsky, A.P. and Smirnov, M.B. and Noguera, O. and Masson, O. and Thomas, P.\",\n    title = \"Huge susceptibility increase within the (1-x) Te O2 + x Te O3 crystal system: Ab initio calculation study\",\n    journal = \"Journal of Alloys and Compounds\",\n    year = \"2014\",\n    volume = \"587\",\n    pages = \"120-125\",\n    ASTM_id = \"JALCEU\"\n}\n\n@article{Worlton1975,\n    author = \"Worlton, T.G. and Beyerlein, R.A.\",\n    title = \"Structure and order parameters in the pressure-induced continous transition in Te O2\",\n    journal = \"Physical Review, Serie 3. B - Solid State (1,1970-17,1977)\",\n    year = \"1975\",\n    volume = \"12\",\n    pages = \"1899-1907\",\n    ASTM_id = \"PLRBAQ\"\n}\n\n@article{Popolitov1992,\n    author = \"Popolitov, V.I. and Plakhov, G.F.\",\n    title = \"Crystallization of tellurium dioxide, alpha - Te O2\",\n    journal = \"Inorganic Materials\",\n    year = \"1992\",\n    volume = \"28\",\n    pages = \"626-629\",\n    ASTM_id = \"INOMAF\"\n}\n\n@article{Leciejewicz1961,\n    author = \"Leciejewicz, J.\",\n    title = \"The crystal structure of tellurium dioxide. A redetermination by neutron diffraction\",\n    journal = \"Zeitschrift fuer Kristallographie, Kristallgeometrie, Kristallphysik, Kristallchemie (-144,1977)\",\n    year = \"1961\",\n    volume = \"116\",\n    pages = \"345-353\",\n    ASTM_id = \"ZEKGAX\"\n}\n\n@article{Liu1987,\n    author = \"Liu, L.-G.\",\n    title = \"Polymorphism and compression of Te O2 at high pressure\",\n    journal = \"Journal of Physics and Chemistry of Solids\",\n    year = \"1987\",\n    volume = \"48\",\n    pages = \"719-722\",\n    ASTM_id = \"JPCSAW\"\n}\n\n@article{Stehlik1948,\n    author = \"Stehlik, B. and Balak, L.\",\n    title = \"Crystal structure of tellurium dioxide\",\n    journal = \"Chemicke Zvesti\",\n    year = \"1948\",\n    volume = \"2\",\n    pages = \"6-12\",\n    ASTM_id = \"CHZVAN\"\n}\n\n@article{Campos2008,\n    author = \"Campos, C.E.M. and Ersching, K. and de Lima, J.C. and Grandi, T.A. and Hoehn, H. and Pizani, P.S.\",\n    title = \"Influence of minor oxidation of the precursor powders to form nanocrystalline Cd Te by mechanical alloying\",\n    journal = \"Journal of Alloys and Compounds\",\n    year = \"2008\",\n    volume = \"466\",\n    pages = \"80-86\",\n    ASTM_id = \"JALCEU\"\n}\n\n@article{Thomas1988,\n    author = \"Thomas, P.A.\",\n    title = \"The crystal structure and absolute optical chirality of paratellurite, alpha-Te O2\",\n    journal = \"Journal of Physics C\",\n    year = \"1988\",\n    volume = \"21\",\n    pages = \"4611-4627\",\n    ASTM_id = \"JPSOAW\"\n}\n\n@article{Lindqvist1968,\n    author = \"Lindqvist, O.\",\n    title = \"Refinement of the structure of alpha-Te O2\",\n    journal = \"Acta Chemica Scandinavica (1-27,1973-42,1988)\",\n    year = \"1968\",\n    volume = \"22\",\n    pages = \"977-982\",\n    ASTM_id = \"ACSAA4\"\n}\n\n@article{KrishnaRao1972,\n    author = \"Krishna Rao, K.V. and Iyengar, L.\",\n    title = \"X-Ray studies on the thermal expansion of tellurium dioxide\",\n    journal = \"Journal of Materials Science\",\n    year = \"1972\",\n    volume = \"7\",\n    pages = \"295-297\",\n    ASTM_id = \"JMTSAS\"\n}\n", "remarks": ["Tellurium dioxide"], "history": [{"name": "ICSD", "url": "https://icsd.fiz-karlsruhe.de/", "description": {"id": "191339", "experimental": false}}, {"name": "Materials Project Optimized Structure", "url": "http://www.materialsproject.org", "description": {}}], "created_at": "2017-07-18 08:34:44.243504", "_db_ids": {"icsd_ids": ["191339", "34422", "656415", "25706", "647516", "647513", "161691", "202792", "27515", "647514"]}, "_tags": ["Tellurium(IV) oxide", "Tellurium oxide - alpha", "Paratellurite", "Tellurium dioxide", "Tellurium oxide", "Tellurium oxide (1/2)"], "_experimental": true}}, "snl_final": {"@module": "pymatgen.util.provenance", "@class": "StructureNL", "charge": null, "lattice": {"matrix": [[4.96740284, 0.0, 0.0], [0.0, 4.96740284, 0.0], [0.0, 0.0, 7.62283859]], "a": 4.96740284, "b": 4.96740284, "c": 7.62283859, "alpha": 90.0, "beta": 90.0, "gamma": 90.0, "volume": 188.09423569477158}, "sites": [{"species": [{"element": "O", "occu": 1}], "abc": [0.74545004, 0.85462363, 0.30940274], "xyz": [3.7029506457741137, 4.245259846793109, 2.3585271463237367], "label": "O", "properties": {"magmom": 0.0}}, {"species": [{"element": "O", "occu": 1}], "abc": [0.25454996, 0.14537637, 0.80940274], "xyz": [1.2644521942258866, 0.7221429932068908, 6.169946441323736], "label": "O", "properties": {"magmom": 0.0}}, {"species": [{"element": "O", "occu": 1}], "abc": [0.85462363, 0.74545004, 0.69059726], "xyz": [4.245259846793109, 3.7029506457741137, 5.264311443676263], "label": "O", "properties": {"magmom": 0.0}}, {"species": [{"element": "O", "occu": 1}], "abc": [0.35462363, 0.75454996, 0.05940274], "xyz": [1.7615584267931093, 3.7481536142258864, 0.4528174988237366], "label": "O", "properties": {"magmom": 0.0}}, {"species": [{"element": "O", "occu": 1}], "abc": [0.14537637, 0.25454996, 0.19059726], "xyz": [0.7221429932068908, 1.2644521942258866, 1.4528921486762634], "label": "O", "properties": {"magmom": 0.0}}, {"species": [{"element": "O", "occu": 1}], "abc": [0.24545004, 0.64537637, 0.44059726], "xyz": [1.2192492257741137, 3.205844413206891, 3.3586017961762633], "label": "O", "properties": {"magmom": 0.0}}, {"species": [{"element": "O", "occu": 1}], "abc": [0.75454996, 0.35462363, 0.94059726], "xyz": [3.7481536142258864, 1.7615584267931093, 7.170021091176263], "label": "O", "properties": {"magmom": 0.0}}, {"species": [{"element": "O", "occu": 1}], "abc": [0.64537637, 0.24545004, 0.55940274], "xyz": [3.205844413206891, 1.2192492257741137, 4.264236793823737], "label": "O", "properties": {"magmom": 0.0}}, {"species": [{"element": "Te", "occu": 1}], "abc": [0.96868469, 0.96868469, 0.5], "xyz": [4.81184708017052, 4.81184708017052, 3.811419295], "label": "Te", "properties": {"magmom": 0.0}}, {"species": [{"element": "Te", "occu": 1}], "abc": [0.53131531, 0.46868469, 0.75], "xyz": [2.6392571798294804, 2.3281456601705197, 5.7171289425], "label": "Te", "properties": {"magmom": 0.0}}, {"species": [{"element": "Te", "occu": 1}], "abc": [0.46868469, 0.53131531, 0.25], "xyz": [2.3281456601705197, 2.6392571798294804, 1.9057096475], "label": "Te", "properties": {"magmom": 0.0}}, {"species": [{"element": "Te", "occu": 1}], "abc": [0.03131531, 0.03131531, 0.0], "xyz": [0.1555557598294804, 0.1555557598294804, 0.0], "label": "Te", "properties": {"magmom": 0.0}}], "about": {"authors": [{"name": "Materials Project", "email": "feedback@materialsproject.org"}], "projects": ["ICSD"], "references": "@article{Plat2014,\n    author = \"Plat, A. and Cornette, J. and Colas, M. and Mirgorodsky, A.P. and Smirnov, M.B. and Noguera, O. and Masson, O. and Thomas, P.\",\n    title = \"Huge susceptibility increase within the (1-x) Te O2 + x Te O3 crystal system: Ab initio calculation study\",\n    journal = \"Journal of Alloys and Compounds\",\n    year = \"2014\",\n    volume = \"587\",\n    pages = \"120-125\",\n    ASTM_id = \"JALCEU\"\n}\n\n@article{Worlton1975,\n    author = \"Worlton, T.G. and Beyerlein, R.A.\",\n    title = \"Structure and order parameters in the pressure-induced continous transition in Te O2\",\n    journal = \"Physical Review, Serie 3. B - Solid State (1,1970-17,1977)\",\n    year = \"1975\",\n    volume = \"12\",\n    pages = \"1899-1907\",\n    ASTM_id = \"PLRBAQ\"\n}\n\n@article{Popolitov1992,\n    author = \"Popolitov, V.I. and Plakhov, G.F.\",\n    title = \"Crystallization of tellurium dioxide, alpha - Te O2\",\n    journal = \"Inorganic Materials\",\n    year = \"1992\",\n    volume = \"28\",\n    pages = \"626-629\",\n    ASTM_id = \"INOMAF\"\n}\n\n@article{Leciejewicz1961,\n    author = \"Leciejewicz, J.\",\n    title = \"The crystal structure of tellurium dioxide. A redetermination by neutron diffraction\",\n    journal = \"Zeitschrift fuer Kristallographie, Kristallgeometrie, Kristallphysik, Kristallchemie (-144,1977)\",\n    year = \"1961\",\n    volume = \"116\",\n    pages = \"345-353\",\n    ASTM_id = \"ZEKGAX\"\n}\n\n@article{Liu1987,\n    author = \"Liu, L.-G.\",\n    title = \"Polymorphism and compression of Te O2 at high pressure\",\n    journal = \"Journal of Physics and Chemistry of Solids\",\n    year = \"1987\",\n    volume = \"48\",\n    pages = \"719-722\",\n    ASTM_id = \"JPCSAW\"\n}\n\n@article{Stehlik1948,\n    author = \"Stehlik, B. and Balak, L.\",\n    title = \"Crystal structure of tellurium dioxide\",\n    journal = \"Chemicke Zvesti\",\n    year = \"1948\",\n    volume = \"2\",\n    pages = \"6-12\",\n    ASTM_id = \"CHZVAN\"\n}\n\n@article{Campos2008,\n    author = \"Campos, C.E.M. and Ersching, K. and de Lima, J.C. and Grandi, T.A. and Hoehn, H. and Pizani, P.S.\",\n    title = \"Influence of minor oxidation of the precursor powders to form nanocrystalline Cd Te by mechanical alloying\",\n    journal = \"Journal of Alloys and Compounds\",\n    year = \"2008\",\n    volume = \"466\",\n    pages = \"80-86\",\n    ASTM_id = \"JALCEU\"\n}\n\n@article{Thomas1988,\n    author = \"Thomas, P.A.\",\n    title = \"The crystal structure and absolute optical chirality of paratellurite, alpha-Te O2\",\n    journal = \"Journal of Physics C\",\n    year = \"1988\",\n    volume = \"21\",\n    pages = \"4611-4627\",\n    ASTM_id = \"JPSOAW\"\n}\n\n@article{Lindqvist1968,\n    author = \"Lindqvist, O.\",\n    title = \"Refinement of the structure of alpha-Te O2\",\n    journal = \"Acta Chemica Scandinavica (1-27,1973-42,1988)\",\n    year = \"1968\",\n    volume = \"22\",\n    pages = \"977-982\",\n    ASTM_id = \"ACSAA4\"\n}\n\n@article{KrishnaRao1972,\n    author = \"Krishna Rao, K.V. and Iyengar, L.\",\n    title = \"X-Ray studies on the thermal expansion of tellurium dioxide\",\n    journal = \"Journal of Materials Science\",\n    year = \"1972\",\n    volume = \"7\",\n    pages = \"295-297\",\n    ASTM_id = \"JMTSAS\"\n}\n", "remarks": ["Tellurium dioxide"], "history": [{"name": "ICSD", "url": "https://icsd.fiz-karlsruhe.de/", "description": {"id": "191339", "experimental": false}}, {"name": "Materials Project Optimized Structure", "url": "http://www.materialsproject.org", "description": {}}], "created_at": "2017-07-18 08:34:44.243504", "_db_ids": {"icsd_ids": ["191339", "34422", "656415", "25706", "647516", "647513", "161691", "202792", "27515", "647514"]}, "_tags": ["Tellurium(IV) oxide", "Tellurium oxide - alpha", "Paratellurite", "Tellurium dioxide", "Tellurium oxide", "Tellurium oxide (1/2)"], "_experimental": true}}, "snlgroup_changed": null, "snlgroup_id": null, "snlgroup_id_final": null, "spacegroup": {"symprec": 0.1, "source": "spglib", "symbol": "P4_12_12", "number": 92, "point_group": "422", "crystal_system": "tetragonal", "hall": "P 4abw 2nw"}, "structure": {"@module": "pymatgen.core.structure", "@class": "Structure", "charge": null, "lattice": {"matrix": [[4.96740284, 0.0, 0.0], [0.0, 4.96740284, 0.0], [0.0, 0.0, 7.62283859]], "a": 4.96740284, "b": 4.96740284, "c": 7.62283859, "alpha": 90.0, "beta": 90.0, "gamma": 90.0, "volume": 188.09423569477158}, "sites": [{"species": [{"element": "O", "occu": 1}], "abc": [0.74545004, 0.85462363, 0.30940274], "xyz": [3.7029506457741137, 4.245259846793109, 2.3585271463237367], "label": "O", "properties": {"magmom": 0.0}}, {"species": [{"element": "O", "occu": 1}], "abc": [0.25454996, 0.14537637, 0.80940274], "xyz": [1.2644521942258866, 0.7221429932068908, 6.169946441323736], "label": "O", "properties": {"magmom": 0.0}}, {"species": [{"element": "O", "occu": 1}], "abc": [0.85462363, 0.74545004, 0.69059726], "xyz": [4.245259846793109, 3.7029506457741137, 5.264311443676263], "label": "O", "properties": {"magmom": 0.0}}, {"species": [{"element": "O", "occu": 1}], "abc": [0.35462363, 0.75454996, 0.05940274], "xyz": [1.7615584267931093, 3.7481536142258864, 0.4528174988237366], "label": "O", "properties": {"magmom": 0.0}}, {"species": [{"element": "O", "occu": 1}], "abc": [0.14537637, 0.25454996, 0.19059726], "xyz": [0.7221429932068908, 1.2644521942258866, 1.4528921486762634], "label": "O", "properties": {"magmom": 0.0}}, {"species": [{"element": "O", "occu": 1}], "abc": [0.24545004, 0.64537637, 0.44059726], "xyz": [1.2192492257741137, 3.205844413206891, 3.3586017961762633], "label": "O", "properties": {"magmom": 0.0}}, {"species": [{"element": "O", "occu": 1}], "abc": [0.75454996, 0.35462363, 0.94059726], "xyz": [3.7481536142258864, 1.7615584267931093, 7.170021091176263], "label": "O", "properties": {"magmom": 0.0}}, {"species": [{"element": "O", "occu": 1}], "abc": [0.64537637, 0.24545004, 0.55940274], "xyz": [3.205844413206891, 1.2192492257741137, 4.264236793823737], "label": "O", "properties": {"magmom": 0.0}}, {"species": [{"element": "Te", "occu": 1}], "abc": [0.96868469, 0.96868469, 0.5], "xyz": [4.81184708017052, 4.81184708017052, 3.811419295], "label": "Te", "properties": {"magmom": 0.0}}, {"species": [{"element": "Te", "occu": 1}], "abc": [0.53131531, 0.46868469, 0.75], "xyz": [2.6392571798294804, 2.3281456601705197, 5.7171289425], "label": "Te", "properties": {"magmom": 0.0}}, {"species": [{"element": "Te", "occu": 1}], "abc": [0.46868469, 0.53131531, 0.25], "xyz": [2.3281456601705197, 2.6392571798294804, 1.9057096475], "label": "Te", "properties": {"magmom": 0.0}}, {"species": [{"element": "Te", "occu": 1}], "abc": [0.03131531, 0.03131531, 0.0], "xyz": [0.1555557598294804, 0.1555557598294804, 0.0], "label": "Te", "properties": {"magmom": 0.0}}]}, "task_id": "mp-557", "task_ids": ["mp-655414", "mp-655411", "mp-657108", "mp-557", "mp-1095541", "mp-1101932", "mp-1102127", "mp-1103218", "mp-1116486", "mp-1114902"], "total_magnetization": 0.0, "unit_cell_formula": {"O": 8.0, "Te": 4.0}, "updated_at": null, "volume": 188.09423569477158, "warnings": [], "xrd": {"Ag": {"meta": ["amplitude", "hkl", "two_theta", "d_spacing"], "created_at": "2019-11-14T08:41:32.391583", "wavelength": {"element": "Ag", "in_angstroms": 0.560885}, "pattern": [[8.894539512666656, [1, 0, 1], 7.727687057558714, 4.161751612777812], [78.27626458118986, [1, 1, 0], 9.158926464835918, 3.5124842330493147], [12.652123144703447, [1, 1, 1], 10.086768926574024, 3.1901078222796406], [100.0, [1, 0, 2], 10.6428774245636, 3.023861899307425], [1.1207559244399936, [1, 1, 2], 12.466410600701208, 2.5829264140824857], [20.33994584399174, [2, 0, 0], 12.96654428220211, 2.48370142], [2.832688769662721, [2, 0, 1], 13.640565595063793, 2.361512229033102], [0.017863706780041618, [1, 0, 3], 14.24263579833446, 2.262167909061308], [1.98650758416007, [2, 1, 0], 14.50482246685362, 2.2214900843731025], [6.860739427218862, [2, 1, 1], 15.111661890262186, 2.1327686459785093], [0.17868340462807727, [2, 0, 2], 15.490800003958826, 2.080875806388906], [1.1044627994150933, [1, 1, 3], 15.658423718409761, 2.058736591694402], [65.82788836041757, [2, 1, 2], 16.80412942896846, 1.9192789308907148], [9.031105365245656, [0, 0, 4], 16.92465489130716, 1.9057096474999997], [0.15802915093436312, [1, 0, 4], 18.137219225967034, 1.779264731963981], [0.7960596100948115, [2, 0, 3], 18.16944547851796, 1.7761353579974821], [11.475791129591293, [2, 2, 0], 18.37702618091712, 1.7562421165246573], [4.495142415892868, [2, 2, 1], 18.862789513462946, 1.7114081434002155], [22.274187743492202, [1, 1, 4], 19.276049540047214, 1.6750528709484422], [5.134176379941036, [2, 1, 3], 19.306441040363023, 1.6724410010261688], [4.957853639633206, [3, 0, 1], 19.9617334625117, 1.618068475816179], [0.507199759190328, [2, 2, 2], 20.2527699808252, 1.5950539111398203], [13.509069521857251, [3, 1, 0], 20.568451620483515, 1.5708307029988964], [4.009802791264176, [3, 1, 1], 21.00547924386464, 1.5385044554956548], [14.455339831596127, [3, 0, 2], 21.28285021325319, 1.5186803286116395], [14.810270765096794, [2, 0, 4], 21.37897384041407, 1.5119309496537126], [1.1464748116008134, [1, 0, 5], 22.187811249678802, 1.4574681159931298], [0.6081049132838393, [3, 1, 2], 22.267436844815606, 1.452321803618306], [0.33640548267331477, [2, 1, 4], 22.359529928429584, 1.4464157078889692], [3.6628977115349928, [2, 2, 3], 22.38590841191934, 1.4447330194656707], [0.7388746982468173, [1, 1, 5], 23.13578813679423, 1.3985135680732477], [3.0779275886392368, [3, 0, 3], 23.326253727384664, 1.387250537592604], [0.17335106847668633, [3, 2, 0], 23.49008502612076, 1.3777096650388803], [3.8991764355481795, [3, 2, 1], 23.876211107077715, 1.3557449246946383], [4.454745919147862, [3, 1, 3], 24.232094461608526, 1.3361250221111054], [1.3624124070255785, [2, 0, 5], 24.929531713610974, 1.299312184836807], [10.891519260761383, [3, 2, 2], 25.000897799864788, 1.2956620292445407], [7.93489772783209, [2, 2, 4], 25.083502385640458, 1.2914632070412428], [1.454817365981355, [2, 1, 5], 25.78243010758304, 1.2570222959828548], [0.08840438025585523, [3, 0, 4], 25.93166792154534, 1.2499109289837653], [2.4467235052455134, [4, 0, 0], 26.102939814208153, 1.24185071], [9.504407955624346, [1, 0, 6], 26.3403446503702, 1.2308531132873182], [2.5483601391278077, [4, 0, 1], 26.45326391108144, 1.2256921214946779], [11.874070742903903, [3, 1, 4], 26.754762231613782, 1.2121275182379918], [3.014307398027041, [3, 2, 3], 26.77705717096593, 1.2111366980118212], [0.08811282715349782, [4, 1, 0], 26.921168254699325, 1.2047721526066557], [0.13947890336739063, [1, 1, 6], 27.151932840315848, 1.1947226886565627], [4.594207506351949, [4, 1, 1], 27.261735537747594, 1.190001257748135], [0.10938438444885598, [4, 0, 2], 27.47936144075745, 1.180756114516551], [1.7832604001787915, [3, 3, 0], 27.71700475901362, 1.170828077683105], [2.4310593492719486, [3, 3, 1], 28.048649156889137, 1.1572570227578907], [0.44479694578646434, [2, 2, 5], 28.197007518767194, 1.1512905440919643], [6.212379873812232, [4, 1, 2], 28.260689740860578, 1.1487488766042124], [0.019248046806066618, [2, 0, 6], 28.71145232866121, 1.131083954530654], [0.7411240452532389, [3, 0, 5], 28.96053376202448, 1.1215611585039784], [0.8736079691868806, [3, 3, 2], 29.022680423999155, 1.1192109517421958], [0.6610577931148283, [3, 2, 4], 29.094669252785707, 1.1165012354491353], [1.9264311076389131, [4, 0, 3], 29.11531112844575, 1.115726758943864], [3.2676658760091226, [4, 2, 0], 29.24879866397173, 1.1107450421865512], [9.774799304115001, [2, 1, 6], 29.46277126355182, 1.102854896224906], [2.8006150905139324, [4, 2, 1], 29.5646774127473, 1.0991377655217092], [1.6892941007007798, [3, 1, 5], 29.706100430274663, 1.0940219664885844], [3.134745053554986, [4, 1, 3], 29.857353828209874, 1.0886048329349862], [0.8350926537059538, [4, 2, 2], 30.494446233009228, 1.0663843229892547], [0.049331531818611815, [1, 0, 7], 30.572804290368765, 1.0637160915310147], [0.9997658491080145, [3, 3, 3], 30.58301924798616, 1.0633692740932137], [2.6098646767067746, [4, 0, 4], 31.274119992349185, 1.040437903194453], [0.07379069513816756, [1, 1, 7], 31.283449679611593, 1.0401353562512068], [0.10032677575571702, [2, 2, 6], 31.61918774548274, 1.029368295847201], [1.8550448283370393, [3, 2, 5], 31.84759159546003, 1.0221749158881273], [0.2029083235101857, [4, 1, 4], 31.970727951631652, 1.018340068547573], [1.862872920528266, [4, 2, 3], 31.98968555604824, 1.017752328781917], [2.900068189186179, [3, 0, 6], 32.309124910507414, 1.0079539664358084], [2.147566987714948, [3, 3, 4], 32.65402261626931, 0.9975929612106443], [0.39740314499411034, [2, 0, 7], 32.662999121205566, 0.9973262632581072], [0.8601383365428453, [5, 0, 0], 32.79299623896057, 0.9934805680000001], [0.06771382444236015, [3, 1, 6], 32.98616722903714, 0.9878228079273482]]}, "Mo": {"meta": ["amplitude", "hkl", "two_theta", "d_spacing"], "created_at": "2019-11-14T08:41:32.392956", "wavelength": {"element": "Mo", "in_angstroms": 0.71073}, "pattern": [[8.927201365651314, [1, 0, 1], 9.796710897984914, 4.161751612777812], [78.43359874810413, [1, 1, 0], 11.613325070779585, 3.5124842330493147], [12.662081582102015, [1, 1, 1], 12.791581137111988, 3.1901078222796406], [100.0, [1, 0, 2], 13.49802108970446, 3.023861899307425], [1.1175492389721073, [1, 1, 2], 15.815938778782652, 2.5829264140824857], [20.264285783000883, [2, 0, 0], 16.452084202685235, 2.48370142], [2.8187341596336575, [2, 0, 1], 17.309716289959972, 2.361512229033102], [0.01775560729515709, [1, 0, 3], 18.076112648023628, 2.262167909061308], [1.973485830491111, [2, 1, 0], 18.409956126799653, 2.2214900843731025], [6.807549305977892, [2, 1, 1], 19.182881291648663, 2.1327686459785093], [0.1771604091053934, [2, 0, 2], 19.665956414984024, 2.080875806388906], [1.0946667232579237, [1, 1, 3], 19.879575562783817, 2.058736591694402], [65.0825423784865, [2, 1, 2], 21.340393994443012, 1.9192789308907148], [8.9264397784502, [0, 0, 4], 21.49414549157488, 1.9057096474999997], [0.15575923267886657, [1, 0, 4], 23.041845319048395, 1.779264731963981], [0.784564619495771, [2, 0, 3], 23.083000414190234, 1.7761353579974821], [11.304437969767326, [2, 2, 0], 23.34812303876737, 1.7562421165246573], [4.422767509222531, [2, 2, 1], 23.968734105953608, 1.7114081434002155], [21.892970154473623, [1, 1, 4], 24.496932482822476, 1.6750528709484422], [5.0459196484597415, [2, 1, 3], 24.535784688897575, 1.6724410010261688], [4.86446682219198, [3, 0, 1], 25.373778048746587, 1.618068475816179], [0.4972682292097879, [2, 2, 2], 25.746128925341882, 1.5950539111398203], [13.233503323442736, [3, 1, 0], 26.150132444149857, 1.5708307029988964], [3.92340632066419, [3, 1, 1], 26.709645591156775, 1.5385044554956548], [14.133214526845574, [3, 0, 2], 27.064886136622366, 1.5186803286116395], [14.47642408156229, [2, 0, 4], 27.188019746112047, 1.5119309496537126], [1.1181099386130608, [1, 0, 5], 28.22463565153349, 1.4574681159931298], [0.5929262244720592, [3, 1, 2], 28.32673412284482, 1.452321803618306], [0.3279228737245675, [2, 1, 4], 28.444830025719774, 1.4464157078889692], [3.5702683515280986, [2, 2, 3], 28.47865879579102, 1.4447330194656707], [0.7186353981752633, [1, 1, 5], 29.440753895346397, 1.3985135680732477], [2.99194922354617, [3, 0, 3], 29.68525277058535, 1.387250537592604], [0.16842750952453225, [3, 2, 0], 29.895604945670133, 1.3777096650388803], [3.784093571721435, [3, 2, 1], 30.391534949544884, 1.3557449246946383], [4.318652379690972, [3, 1, 3], 30.84882544495056, 1.3361250221111054], [1.3179880856913269, [2, 0, 5], 31.745573610911297, 1.299312184836807], [10.534064517825628, [3, 2, 2], 31.837378530429984, 1.2956620292445407], [7.672523242634711, [2, 2, 4], 31.943650959135745, 1.2914632070412428], [1.4036532381029676, [2, 1, 5], 32.84328678921388, 1.2570222959828548], [0.08525524687576808, [3, 0, 4], 33.03548681076471, 1.2499109289837653], [2.358289876772921, [4, 0, 0], 33.25611084866745, 1.24185071], [9.153981198760116, [1, 0, 6], 33.562007589579096, 1.2308531132873182], [2.453519031770256, [4, 0, 1], 33.707538672554826, 1.2256921214946779], [11.4211272286161, [3, 1, 4], 34.09622122430154, 1.2121275182379918], [2.899117135780956, [3, 2, 3], 34.12496956097928, 1.2111366980118212], [0.0847063345400426, [4, 1, 0], 34.31081574475072, 1.2047721526066557], [0.13398661204000234, [1, 1, 6], 34.60848801031204, 1.1947226886565627], [4.411729245560891, [4, 1, 1], 34.750160519624465, 1.190001257748135], [0.10496538291152215, [4, 0, 2], 35.03101631005406, 1.180756114516551], [1.7098905396213093, [3, 3, 0], 35.337804712393776, 1.170828077683105], [2.3284988756582545, [3, 3, 1], 35.766120225389216, 1.1572570227578907], [0.425823621275012, [2, 2, 5], 35.95779046737112, 1.1512905440919643], [5.946132317821867, [4, 1, 2], 36.04007692124, 1.1487488766042124], [0.018395586777714718, [2, 0, 6], 36.62274781656531, 1.131083954530654], [0.7077126969181748, [3, 0, 5], 36.94488750803251, 1.1215611585039784], [0.8340506402232967, [3, 3, 2], 37.02528138158076, 1.1192109517421958], [0.6309727724860976, [3, 2, 4], 37.11841673734036, 1.1165012354491353], [1.838631293526102, [4, 0, 3], 37.14512399547228, 1.115726758943864], [3.117341894313034, [4, 2, 0], 37.31785570563736, 1.1107450421865512], [9.318421447794679, [2, 1, 6], 37.594808393667186, 1.102854896224906], [2.6689404723373156, [4, 2, 1], 37.72674156760782, 1.0991377655217092], [1.6091020427747658, [3, 1, 5], 37.90987012206485, 1.0940219664885844], [2.9844108983170785, [4, 1, 3], 38.10577295575914, 1.0886048329349862], [0.7933270037091443, [4, 2, 2], 38.93144945265305, 1.0663843229892547], [0.046851801767175995, [1, 0, 7], 39.033060505679394, 1.0637160915310147], [0.9494779453889262, [3, 3, 3], 39.04630773658366, 1.0633692740932137], [2.4727443848062816, [4, 0, 4], 39.943075649858464, 1.040437903194453], [0.06991155456458162, [1, 1, 7], 39.955188827576606, 1.0401353562512068], [0.09494329789174401, [2, 2, 6], 40.39122017413157, 1.029368295847201], [1.7541279902362175, [3, 2, 5], 40.68799590647475, 1.0221749158881273], [0.19178868176587566, [4, 1, 4], 40.848040870881945, 1.018340068547573], [1.7606703174035827, [4, 2, 3], 40.87268379810247, 1.017752328781917], [2.737952581711528, [3, 0, 6], 41.28804371285512, 1.0079539664358084], [2.0251113301113577, [3, 3, 4], 41.73676717922915, 0.9975929612106443], [0.3747313804196303, [2, 0, 7], 41.74844956087577, 0.9973262632581072], [0.8107047113597187, [5, 0, 0], 41.9176538878014, 0.9934805680000001], [0.06377976173169499, [3, 1, 6], 42.16915789727857, 0.9878228079273482], [2.9818957884639854, [5, 0, 1], 42.289094759704426, 0.9851490395962273], [0.8439542945197767, [2, 1, 7], 42.621789133587896, 0.9778130114854489], [1.1267262316240256, [5, 1, 0], 42.788183987999865, 0.9741878466552392], [2.9893495178196194, [5, 1, 1], 43.15354553157525, 0.966328539452194], [0.827544261954203, [4, 0, 5], 43.31746846225084, 0.96284661325846], [4.355024923244195, [5, 0, 2], 43.38792208459099, 0.9613583921632485], [3.1969601071719667, [4, 2, 4], 43.469591026812395, 0.9596394654453574], [0.6325611636069939, [0, 0, 8], 43.795047743604066, 0.9528548237499999], [1.766693962245752, [4, 1, 5], 44.165698026025204, 0.9452531774940045], [0.21524593633003944, [5, 1, 2], 44.235072108951904, 0.9438449363904887], [4.484427122017697, [3, 2, 6], 44.72774624078522, 0.9339732470444361]]}, "Fe": {"meta": ["amplitude", "hkl", "two_theta", "d_spacing"], "created_at": "2019-11-14T08:41:32.394456", "wavelength": {"element": "Fe", "in_angstroms": 1.93735}, "pattern": [[9.47361456708149, [1, 0, 1], 26.918833256520383, 4.161